# Depth in meters of NATL60 simulation
-0.0
-1.000026
-2.156828
-3.471014
-4.943173
-6.573879
-8.363685
-10.31312
-12.42271
-14.69295
-17.12431
-19.71725
-22.4722
-25.38959
-28.4698
-31.71322
-35.12019
-38.69106
-42.42613
-46.32569
-50.39001
-54.61934
-59.0139
-63.5739
-68.29951
-73.19091
-78.24821
-83.47153
-88.86098
-94.41661
-100.1385
-106.0266
-112.081
-118.3016
-124.6884
-131.2413
-137.9603
-144.8452
-151.8959
-159.1122
-166.494
-174.041
-181.7531
-189.63
-197.6714
-205.877
-214.2465
-222.7797
-231.4761
-240.3354
-249.3571
-258.5409
-267.8864
-277.393
-287.0603
-296.8879
-306.8751
-317.0215
-327.3265
-337.7896
-348.4101
-359.1875
-370.121
-381.2102
-392.4543
-403.8527
-415.4046
-427.1093
-438.9662
-450.9745
-463.1335
-475.4423
-487.9002
-500.5064
-513.26
-526.1604
-539.2065
-552.3977
-565.733
-579.2115
-592.8323
-606.5947
-620.4976
-634.5402
-648.7214
-663.0405
-677.4964
-692.0883
-706.815
-721.6757
-736.6694
-751.7952
-767.0519
-782.4387
-797.9545
-813.5984
-829.3692
-845.2661
-861.2878
-877.4335
-893.7022
-910.0927
-926.6041
-943.2352
-959.9852
-976.8528
-993.8372
-1010.937
-1028.152
-1045.48
-1062.92
-1080.472
-1098.135
-1115.906
-1133.786
-1151.773
-1169.867
-1188.065
-1206.368
-1224.773
-1243.281
-1261.89
-1280.599
-1299.406
-1318.312
-1337.314
-1356.412
-1375.605
-1394.892
-1414.272
-1433.744
-1453.306
-1472.958
-1492.7
-1512.529
-1532.445
-1552.447
-1572.533
-1592.704
-1612.958
-1633.294
-1653.712
-1674.209
-1694.786
-1715.442
-1736.175
-1756.985
-1777.87
-1798.83
-1819.865
-1840.972
-1862.152
-1883.403
-1904.725
-1926.117
-1947.578
-1969.107
-1990.703
-2012.366
-2034.094
-2055.888
-2077.746
-2099.668
-2121.652
-2143.699
-2165.807
-2187.975
-2210.204
-2232.492
-2254.838
-2277.243
-2299.705
-2322.224
-2344.799
-2367.429
-2390.115
-2412.855
-2435.649
-2458.496
-2481.396
-2504.349
-2527.353
-2550.409
-2573.516
-2596.673
-2619.88
-2643.137
-2666.444
-2689.799
-2713.203
-2736.656
-2760.156
-2783.705
-2807.301
-2830.944
-2854.635
-2878.372
-2902.157
-2925.988
-2949.866
-2973.791
-2997.763
-3021.782
-3045.847
-3069.959
-3094.119
-3118.326
-3142.58
-3166.882
-3191.233
-3215.631
-3240.079
-3264.576
-3289.124
-3313.721
-3338.37
-3363.071
-3387.825
-3412.632
-3437.493
-3462.41
-3487.384
-3512.415
-3537.505
-3562.655
-3587.867
-3613.143
-3638.483
-3663.889
-3689.364
-3714.909
-3740.527
-3766.22
-3791.989
-3817.838
-3843.77
-3869.786
-3895.89
-3922.085
-3948.375
-3974.762
-4001.251
-4027.846
-4054.55
-4081.368
-4108.304
-4135.363
-4162.551
-4189.872
-4217.332
-4244.937
-4272.692
-4300.605
-4328.683
-4356.931
-4385.358
-4413.971
-4442.778
-4471.789
-4501.011
-4530.454
-4560.126
-4590.041
-4620.206
-4650.632
-4681.333
-4712.318
-4743.601
-4775.194
-4807.111
-4839.365
-4871.97
-4904.942
-4938.295
-4972.045
-5006.209
-5040.804
-5075.845
-5111.352
-5147.343
-5183.835
-5220.849
-5258.404
-5296.52
-5335.216
-5374.515
-5414.436
-5455.002
-5496.233
-5538.152
-5580.781
-5624.142
-5668.256
-5713.146
-5758.834
-5805.342
-5852.691
-5900.903
-5949.999
-6000.0
